0.51 0.57 0.42
0.85 0.95 0.7
0.5 0.5 0.5
20
0.5 0.5 0.5
2
10 20 10
0.8 0.8 0.8
-10 0 -10
0.7 0.7 0.7
162
0.217082 -0.434167 0.352667
0.307652 -0.303436 0.416265
0.157721 -0.315443 0.485407
0.358317 -0.404769 0.260329
0.255194 -0.510392 0.185407
0.43416 -0.268329 0.315432
0.0829181 -0.536658 0.255191
0.0316745 -0.434167 0.412911
-0.0974731 -0.510392 0.299997
-0.136862 -0.404769 0.421225
-0.00421512 -0.303437 0.517598
-0.165831 -0.268329 0.510384
-0.0506653 -0.577163 0.155933
0.132645 -0.577163 0.0963715
0 -0.6 0
0.40249 -0.434167 0.0974743
0.510389 -0.315442 0
0.490963 -0.303436 0.163957
0.268326 -0.536657 0
0.40249 -0.434167 -0.0974741
0.255194 -0.510392 -0.185407
0.358317 -0.404769 -0.260329
0.43416 -0.268329 -0.315432
0.490963 -0.303436 -0.163957
0.132645 -0.577163 -0.0963713
-0.268326 -0.434167 0.315436
-0.300824 -0.303436 0.421226
-0.412914 -0.315442 0.299998
-0.21708 -0.536657 0.157718
-0.382917 -0.434165 0.157718
-0.315438 -0.510391 0
-0.442905 -0.404766 0
-0.49357 -0.303434 0.155934
-0.536655 -0.268329 0
-0.16396 -0.577163 0
-0.382917 -0.434165 -0.157718
-0.49357 -0.303434 -0.155935
-0.412914 -0.315442 -0.299998
-0.21708 -0.536657 -0.157718
-0.268326 -0.434167 -0.315436
-0.0974731 -0.510392 -0.299997
-0.136862 -0.404769 -0.421225
-0.300824 -0.303436 -0.421226
-0.165831 -0.268329 -0.510384
-0.0506653 -0.577163 -0.155933
0.0316745 -0.434167 -0.412912
-0.00421512 -0.303437 -0.517599
0.157721 -0.315443 -0.485407
0.0829181 -0.536658 -0.255192
0.217082 -0.434167 -0.352667
0.307652 -0.303437 -0.416265
0.568328 -0.165838 0.0974743
0.570635 0 0.185407
0.522279 -0.139474 0.26033
0.568328 -0.165838 -0.0974747
0.6 0 0
0.570635 0 -0.185408
0.575552 0.139473 -0.0963719
0.536655 0.268329 0
0.575552 0.139473 0.0963721
0.522279 -0.139474 -0.26033
0.0829193 -0.165838 0.570633
0 0 0.6
-0.0861967 -0.139474 0.577163
0.268329 -0.165838 0.510389
0.18541 0 0.570634
0.352671 0 0.48541
0.269511 0.139474 0.517601
0.165831 0.268329 0.510384
0.0861965 0.139474 0.577163
0.408984 -0.139474 0.416267
-0.517083 -0.165838 0.255193
-0.570635 0 0.185407
-0.575552 -0.139473 0.0963721
-0.402492 -0.165838 0.412914
-0.485411 0 0.35267
-0.352671 0 0.48541
-0.408985 0.139474 0.416267
-0.43416 0.268329 0.315432
-0.522279 0.139474 0.26033
-0.269511 -0.139474 0.517601
-0.402492 -0.165838 -0.412914
-0.352671 0 -0.48541
-0.269511 -0.139474 -0.517601
-0.517083 -0.165838 -0.255193
-0.485411 0 -0.35267
-0.570635 0 -0.185408
-0.522279 0.139474 -0.26033
-0.43416 0.268329 -0.315432
-0.408985 0.139474 -0.416267
-0.575552 -0.139473 -0.0963719
0.268329 -0.165838 -0.510389
0.352671 0 -0.48541
0.408984 -0.139474 -0.416267
0.0829193 -0.165838 -0.570633
0.18541 0 -0.570634
0 0 -0.6
0.0861965 0.139474 -0.577163
0.165831 0.268329 -0.510384
0.269511 0.139474 -0.517601
-0.0861967 -0.139474 -0.577163
0.517082 0.165838 0.255193
0.493571 0.303434 0.155934
0.412914 0.315442 0.299998
0.485411 0 0.35267
0.402492 0.165838 0.412914
0.300824 0.303436 0.421226
-0.0829189 0.165838 0.570633
0.00421548 0.303437 0.517598
-0.157722 0.315443 0.485407
-0.18541 0 0.570634
-0.26833 0.165838 0.510389
-0.307652 0.303437 0.416265
-0.568328 0.165838 0.0974743
-0.490963 0.303436 0.163957
-0.510389 0.315442 0
-0.6 0 0
-0.568328 0.165838 -0.0974747
-0.490963 0.303436 -0.163957
-0.26833 0.165838 -0.510389
-0.307652 0.303437 -0.416265
-0.157722 0.315443 -0.485407
-0.18541 0 -0.570634
-0.0829189 0.165838 -0.570633
0.00421548 0.303437 -0.517599
0.402492 0.165838 -0.412914
0.300824 0.303436 -0.421226
0.412914 0.315442 -0.299998
0.485411 0 -0.35267
0.517082 0.165838 -0.255193
0.493571 0.303434 -0.155935
0.268326 0.434167 0.315436
0.0974735 0.510392 0.299997
0.136862 0.404769 0.421225
0.382917 0.434165 0.157718
0.21708 0.536657 0.157718
0.315438 0.510391 0
0.163959 0.577163 0
0 0.6 0
0.0506651 0.577163 0.155933
0.442904 0.404766 0
-0.217082 0.434167 0.352667
-0.255193 0.510392 0.185407
-0.358317 0.404769 0.260329
-0.0316741 0.434167 0.412911
-0.0829183 0.536658 0.255191
-0.132645 0.577163 0.0963715
-0.40249 0.434167 -0.0974741
-0.255193 0.510392 -0.185407
-0.358317 0.404769 -0.260329
-0.40249 0.434167 0.0974743
-0.268326 0.536657 0
-0.132645 0.577163 -0.0963713
-0.0316741 0.434167 -0.412912
0.0974735 0.510392 -0.299998
0.136862 0.404769 -0.421225
-0.217082 0.434167 -0.352667
-0.0829183 0.536658 -0.255192
0.0506651 0.577163 -0.155933
0.382917 0.434165 -0.157718
0.268326 0.434167 -0.315436
0.21708 0.536657 -0.157718
320
0 1 2
1 0 3
4 3 0
3 5 1
0 6 4
6 0 7
2 7 0
7 8 6
9 10 11
10 9 7
8 7 9
7 2 10
12 6 8
6 12 13
14 13 12
13 4 6
15 16 17
17 3 15
4 15 3
3 17 5
15 4 18
18 19 15
16 15 19
19 18 20
21 22 23
23 19 21
20 21 19
19 23 16
24 20 18
18 13 24
14 24 13
13 18 4
25 26 27
26 25 9
8 9 25
9 11 26
25 28 8
28 25 29
27 29 25
29 30 28
31 32 33
32 31 29
30 29 31
29 27 32
34 28 30
28 34 12
14 12 34
12 8 28
35 36 37
36 35 31
30 31 35
31 33 36
35 38 30
38 35 39
37 39 35
39 40 38
41 42 43
42 41 39
40 39 41
39 37 42
44 38 40
38 44 34
14 34 44
34 30 38
45 46 47
46 45 41
40 41 45
41 43 46
45 48 40
48 45 49
47 49 45
49 20 48
21 50 22
50 21 49
20 49 21
49 47 50
24 48 20
48 24 44
14 44 24
44 40 48
51 52 53
53 17 51
16 51 17
17 53 5
51 16 54
54 55 51
52 51 55
55 54 56
57 58 59
59 55 57
56 57 55
55 59 52
60 56 54
54 23 60
22 60 23
23 54 16
61 62 63
63 10 61
2 61 10
10 63 11
61 2 64
64 65 61
62 61 65
65 64 66
67 68 69
69 65 67
66 67 65
65 69 62
70 66 64
64 1 70
5 70 1
1 64 2
71 72 73
73 32 71
27 71 32
32 73 33
71 27 74
74 75 71
72 71 75
75 74 76
77 78 79
79 75 77
76 77 75
75 79 72
80 76 74
74 26 80
11 80 26
26 74 27
81 82 83
83 42 81
37 81 42
42 83 43
81 37 84
84 85 81
82 81 85
85 84 86
87 88 89
89 85 87
86 87 85
85 89 82
90 86 84
84 36 90
33 90 36
36 84 37
91 92 93
93 50 91
47 91 50
50 93 22
91 47 94
94 95 91
92 91 95
95 94 96
97 98 99
99 95 97
96 97 95
95 99 92
100 96 94
94 46 100
43 100 46
46 94 47
101 102 103
102 101 59
52 59 101
59 58 102
101 104 52
104 101 105
103 105 101
105 66 104
67 106 68
106 67 105
66 105 67
105 103 106
70 104 66
104 70 53
5 53 70
53 52 104
107 108 109
108 107 69
62 69 107
69 68 108
107 110 62
110 107 111
109 111 107
111 76 110
77 112 78
112 77 111
76 111 77
111 109 112
80 110 76
110 80 63
11 63 80
63 62 110
113 114 115
114 113 79
72 79 113
79 78 114
113 116 72
116 113 117
115 117 113
117 86 116
87 118 88
118 87 117
86 117 87
117 115 118
90 116 86
116 90 73
33 73 90
73 72 116
119 120 121
120 119 89
82 89 119
89 88 120
119 122 82
122 119 123
121 123 119
123 96 122
97 124 98
124 97 123
96 123 97
123 121 124
100 122 96
122 100 83
43 83 100
83 82 122
125 126 127
126 125 99
92 99 125
99 98 126
125 128 92
128 125 129
127 129 125
129 56 128
57 130 58
130 57 129
56 129 57
129 127 130
60 128 56
128 60 93
22 93 60
93 92 128
131 132 133
133 106 131
103 131 106
106 133 68
131 103 134
134 135 131
132 131 135
135 134 136
137 138 139
139 135 137
136 137 135
135 139 132
140 136 134
134 102 140
58 140 102
102 134 103
141 142 143
143 112 141
109 141 112
112 143 78
141 109 144
144 145 141
142 141 145
145 144 132
139 138 146
146 145 139
132 139 145
145 146 142
133 132 144
144 108 133
68 133 108
108 144 109
147 148 149
149 118 147
115 147 118
118 149 88
147 115 150
150 151 147
148 147 151
151 150 142
146 138 152
152 151 146
142 146 151
151 152 148
143 142 150
150 114 143
78 143 114
114 150 115
153 154 155
155 124 153
121 153 124
124 155 98
153 121 156
156 157 153
154 153 157
157 156 148
152 138 158
158 157 152
148 152 157
157 158 154
149 148 156
156 120 149
88 149 120
120 156 121
159 136 140
140 130 159
127 159 130
130 140 58
159 127 160
160 161 159
136 159 161
161 160 154
158 138 137
137 161 158
154 158 161
161 137 136
155 154 160
160 126 155
98 155 126
126 160 127
